
DET1_VOL   = 1.00000E+00;
DET1_RBINS = 1;
DET1_CBINS = 1;
DET1_MBINS = 1;
DET1_UBINS = 1;
DET1_XBINS = 1;
DET1_YBINS = 1;
DET1_ZBINS = 1;
DET1_LBINS = 1;
DET1_EBINS = 1;
DET1_VALS  = 1;
DET1 = [
    1    1    1    1    1    1    1    1    1    1  3.44053E+15 0.00209 2136064
];

DET2_VOL   = 1.00000E+00;
DET2_RBINS = 5;
DET2_CBINS = 1;
DET2_MBINS = 1;
DET2_UBINS = 1;
DET2_XBINS = 1;
DET2_YBINS = 1;
DET2_ZBINS = 1;
DET2_LBINS = 1;
DET2_EBINS = 1;
DET2_VALS  = 5;
DET2 = [
    1    1    1    1    1    1    1    1    1    1  4.24534E+15 0.00169 2136064
    2    1    1    1    1    1    2    1    1    1  6.14622E+15 0.00175 2136064
    3    1    1    1    1    1    3    1    1    1  1.33105E+15 0.00374 2136064
    4    1    1    1    1    1    4    1    1    1  8.78601E+15 0.00212 2136064
    5    1    1    1    1    1    5    1    1    1  9.52821E+14 0.00465 2136064
];

DET3_VOL   = 1.00000E+00;
DET3_RBINS = 5;
DET3_CBINS = 1;
DET3_MBINS = 1;
DET3_UBINS = 1;
DET3_XBINS = 1;
DET3_YBINS = 1;
DET3_ZBINS = 1;
DET3_LBINS = 1;
DET3_EBINS = 1;
DET3_VALS  = 5;
DET3 = [
    1    1    1    1    1    1    1    1    1    1  1.86154E+15 0.00686 2136064
    2    1    1    1    1    1    2    1    1    1  1.70408E+15 0.00682 2136064
    3    1    1    1    1    1    3    1    1    1  1.74958E+15 0.01258 2136064
    4    1    1    1    1    1    4    1    1    1  1.67759E+15 0.00514 2136064
    5    1    1    1    1    1    5    1    1    1  1.77136E+15 0.03488 2136064
];
